[DISTORT]
k1 = -0.3771
k2 = 0.1447
[INTERNAL]
cx = 311.33
cy = 238.76
fx = 386.67
fy = 518.68
[EXTERNAL]
rot = 0.0100252,2.98283,-0.69765
pos = 0,900,1800
