[DISTORT]
k1 = -0.3746
k2 = 0.1407
[INTERNAL]
cx = 320.46
cy = 249.19
fx = 382.24
fy = 513.29
[EXTERNAL]
rot = 2.72207,-0.0795464,-0.139207
pos = 0,900,1800
