[DISTORT]
k1 = -0.358
k2 = 0.0977
[INTERNAL]
cx = 320.26
cy = 244.01
fx = 403.6
fy = 537.58
[EXTERNAL]
rot = -0.38222,-0.260686,-0.491491
pos = 0,900,1800
