[DISTORT]
k1 = -0.4223
k2 = 0.2808
[INTERNAL]
cx = 341.89
cy = 227.35
fx = 385.79
fy = 515.23
[EXTERNAL]
rot = 2.85465,-0.179361,-0.107611
pos = 0,900,1800
