[DISTORT]
k1 = -0.3857
k2 = 0.1054
[INTERNAL]
cx = 313.2
cy = 253.5
fx = 403.4
fy = 537.5
[EXTERNAL]
rot = -0.223033,-0.560837,-2.68978
pos = 0,900,1800
