[DISTORT]
k1 = -0.3687
k2 = 0.132
[INTERNAL]
cx = 364.8
cy = 253.8
fx = 424.5
fy = 567
[EXTERNAL]
rot = -0.525876,-0.333264,0.0161055
pos = 0,900,1800
