[DISTORT]
k1 = -0.3955
k2 = 0.1759
[INTERNAL]
cx = 336.6
cy = 245.8
fx = 388.2
fy = 519.2
[EXTERNAL]
rot = -0.193788,-3.05025,0.617118
pos = 0,900,1800
