[DISTORT]
k1 = -0.3645
k2 = 0.1454
[INTERNAL]
cx = 273.1
cy = 306.3
fx = 415.6
fy = 554.9
[EXTERNAL]
rot = 0.75126,0.392515,2.67375
pos = 0,900,1800
